intrinsic:
[1278.9614,       0,         854.7758
       0,          1279.8275, 648.4584
       0,                 0,                 1       ]
distortion coeff:
[ 0.05246238 -0.14191777  0.000993    0.00201192  0.15738296]
