intrinsic:
[1246.6625,       0,         894.65857
       0,          1245.8951, 665.9408
       0,                 0,                 1       ]
distortion coeff:
[-0.068792731, -0.14259334, 0.031203667, 0.030004108, -0.28120443]